G0=ITIIIIITYYYYATTAAAIYTAIITAATAIIATAYYIYIIITTTAYTTAITYYYAY
G1=IYIIAAYAYAATIAAAYAIYTYYIYTAIYTTAYAAIATYAAAAIYTTAYAITTYAY
G2=ITAYYTYYAYYYAIYAITTAIYYAIIAAATYTYAYYTYYTYTYYYYTYYAYIYIIYTYAYY
G3=ITIIIIITYYYYATTAAAIYTAIITAATAIIATAYYIYITIAIYIIITTTAYTTAITYYYAY
G4=IYIIAAYAYAATIAAAYAIYTYYIYTAIYTTAYAAIATITYAYYYAAAAIYTTAYAITTYAY
G5=IAIYIIAIYATIYIIYTYTYTTAITIIYYTIATAAITIYTAYYYYTTITIYTTAYTITTYATY
G6=ITAYYTYYAYYYAIYAITTAIYYAIIAAATYTYAYYTYYTYTYYYYTYYAYIITTYYYYIIYTYAYY
G7=ITAYYTYYAYYYAIYAITTAIYYIIAITYAIIAAATYTYAYYTYYTYTYYYYTYYAYIYIIYTYAYY
G8=IAIYIIAIYATIIIIYYYIIYTYTYTTAITIIYYTIATAAITIYTAYYYYTTITIYTTAYTITTYATY
G9=ITIIIIITYYYYATTAAAIYTAIITAATAIIATAYYIYITIAIYIIITTTAYTIIAIIYTAITYYYAY
G10=ITIIIIITYYYYATTAAAIYTAIITAATIATAYYAIIATAYYIYITIAIYIIITTTAYTTAITYYYAY
G11=IYIIAAYAYAATIAAAYAIYTYYIYTAIYTTAIAITIYYAAIATITYAYYYAAAAIYTTAYAITTYAY
G12=IYIIAAYIAAAAYAYAATIAAAYAIYTYYIYTAIYTTAYAAIATITYAYYYAAAAIYTTAYAITTYAY
G13=IAIYIIAIYATIYIIYTYTYTTAITIIYYTIATAAITIYITYYIYTAYYYYTTITIYTTAYTITTYATY
G14=ITAYYTYYAYYYAIYAITTAIAATIYIYYAIIAAATYTYAYYTYYTYTYYYYTYYAYIITTYYYYIIYTYAYY
G15=ITAYYTYYAYYYAIYAITTAIYYIIAITYAIIAAATYTYAYYTIIATAYYYTYTYYYYTYYAYIYIIYTYAYY
G16=IAIYIIAIYATIIIIYYYIIYTYTYTIATTIYTAITIIYYTIATAAITIYTAYYYYTTITIYTTAYTITTYATY
G17=IAIYIIAIYATIIIIYYYIIYTYTYTTAITIIYYTIATAAITIYTAYYYYTTITIYTTAYTIAIAIYITTYATY
G18=ITIIIIITYYYYATTAAAIYTAIITAATAIIATAYYIYITIAIYIAAYIYIIITTTAYTIIAIIYTAITYYYAY
G19=ITIIIIITYYYYATTAAAIYTAIITAATAIIATAYYIYITIAIYIIITTTIYIIIYAYTIIAIIYTAITYYYAY
G20=ITIIIIITYYYYATTAAAIYTAIITAATIAIYAITYTAYYAIIATAYYIYITIAIYIIITTTAYTTAITYYYAY
G21=IYIIAAYAYAATIAAAYAIYTYYIIITTAYYTAIYTTAIAITIYYAAIATITYAYYYAAAAIYTTAYAITTYAY
G22=IYIIAAYAYAATIAAAYAIYTYYIYTAIYTTAIAITIYYAAIATITYAYYYAAAITIITYAIYTTAYAITTYAY
G23=IYIIAAYIAAAAYAYAATIAAAYAIYTYYIYTAIYTTAYAAIATITYAYYYIYTAAYAAAAIYTTAYAITTYAY
G24=IYIIAAYIAAAAYAYAATIAAAYAIYTYYIYTAIYTTAYAIYTAIYAIATITYAYYYAAAAIYTTAYAITTYAY
G25=IAIYIIAIYATIYIIYIATYYYTYTYTTAITIIYYTIATAAITIYITYYIYTAYYYYTTITIYTTAYTITTYATY
G26=IAIYIIAIYATIYIIYTYTYTTAITIIYYTIIIIITYATAAITIYITYYIYTAYYYYTTITIYTTAYTITTYATY
G27=ITAYITTAAYYTYYAYYYAIYAITTAIAATIYIYYAIIAAATYTYAYYTYYTYTYYYYTYYAYIITTYYYYIIYTYAYY
G28=ITAYYTYYAYYYAIYAITTAIAATIYIYYAIIAAATYTYAIYTTTYYYTYYTYTYYYYTYYAYIITTYYYYIIYTYAYY
G29=ITAYYTYYAYYYAIYAITTAIYYIIAITYAIIAAATYTYAYYTIIATAYYYTYTYYYYTYYAYIYITYAYYIIYTYAYY
G30=ITAYYTYYIATTYYAYYYAIYAITTAIYYIIAITYAIIAAATYTYAYYTIIATAYYYTYTYYYYTYYAYIYIIYTYAYY
G31=IAIYIIAIYATIIIIYYYIIYTYTYTIATTIYTAITIIIYIIYIYYTIATAAITIYTAYYYYTTITIYTTAYTITTYATY
G32=IAIYIIAIYATIIIIYYYIIYTYTYTIATTIYTAITIIYYTIATAAITIYTAYYYYTTITIYAYIYIYTTAYTITTYATY
G33=IAIYIIAIYATIIIIYYYIIYTYTYTIIIAIYTAITIIYYTIATAAITIYTAYYYYTTITIYTTAYTIAIAIYITTYATY
G34=IIYATTYYIIAAYAYAATIAAAYAIYTYYIIITTAYYTAIYTTAIAITIYYAAIATITYAYYYAAAAIYTTAYAITTYAY
G35=ITIIIIITIYYYTYYYYYATTAAAIYTAIITAATIAIYAITYTAYYAIIATAYYIYITIAIYIIITTTAYTTAITYYYAY
G36=ITIIIIITYYYYAIYYATYTTAAAIYTAIITAATAIIATAYYIYITIAIYIIITTTIYIIIYAYTIIAIIYTAITYYYAY
G37=ITIIIIITYYYYATTAAAIYTAIIIAATAYTAATIAIYAITYTAYYAIIATAYYIYITIAIYIIITTTAYTTAITYYYAY
G38=ITIIIIITYYYYATTAAAIYTAIITAATAIIATAYYIYITIAIYIAAYIYIIIITAATYTTTAYTIIAIIYTAITYYYAY
G39=ITIIIIITYYYYATTAAAIYTAIITAATAIIATAYYIYITIAIYIIITTTIYIIIYAYTIIAIIYIIYYYYTAITYYYAY
G40=ITIIIIITYYYYATTAAAIYTIIYTTYAIITAATAIIATAYYIYITIAIYIAAYIYIIITTTAYTIIAIIYTAITYYYAY
G41=IYIIAAYAYAATIAAAYAIYTYYIYIYIITYTAIYTTAIAITIYYAAIATITYAYYYAAAITIITYAIYTTAYAITTYAY
G42=IYIIAAYAYAATIAAAYIYYIIYAIYTYYIIITTAYYTAIYTTAIAITIYYAAIATITYAYYYAAAAIYTTAYAITTYAY
G43=IYIIAAYIAAAAYAYAATIAAAYAIIAAYYYYTYYIYTAIYTTAYAIYTAIYAIATITYAYYYAAAAIYTTAYAITTYAY
G44=IYIIAAYIAAAAYAYAATIAAAYAIYTYYIYTAIYTTAYAAIATITITYAYYYAYYYIYTAAYAAAAIYTTAYAITTYAY
G45=IYITYYYYIIAAYIAAAAYAYAATIAAAYAIYTYYIYTAIYTTAYAAIATITYAYYYIYTAAYAAAAIYTTAYAITTYAY
G46=IAITATYYIYIIAIYATIYIIYTYTYTTAITIIYYTIIIIITYATAAITIYITYYIYTAYYYYTTITIYTTAYTITTYATY
G47=IAIYIIAIYATIYIIYIATYYYTYTYTTAITIIYYTIATTYYIATAAITIYITYYIYTAYYYYTTITIYTTAYTITTYATY
G48=IAIYIIAIYATIYIIYTYTYTTAITIIYYTIIIIITYAIYTAIYTAAITIYITYYIYTAYYYYTTITIYTTAYTITTYATY
G49=IYITYYYYTTTIIAAYIAAAAYAYAATIAAAYAIYTYYIYTAIYTTAYAAIATITYAYYYIYTAAYAAAAIYTTAYAITTYAY
G50=ITYTYTYAIITAIYYITYAYTTAIITIAIIYTIAAIYTYAYYTTAYTIIYTAIIIATYYTAIYYTYAYIIAAYIAIAIYYATIY
G51=ITAYITTAAYYTYYAYYYAIYAITTAIAATIYIYYAIIAAAIAIYIYTYTYAYYTYYTYTYYYYTYYAYIITTYYYYIIYTYAYY
G52=ITAYITTAAYYTYYAYYYAIYAITTAIAATIYIYYAIIAAATYTYAYYTYYTIITATYYTYYYYTYYAYIITTYYYYIIYTYAYY
G53=ITAYYTYYAYYITTTIYYAIYAITTAIYYIIAITYAIIAAATYTYAYYTIIATAYYYTYTYYYYTYYAYIYITYAYYIIYTYAYY
G54=ITAYYTYYAYYYAIYAITTAIAATIYIYYAIIAAATYTYAIYTTTYYYTYYTYTYYYYTYYAYIITTYYYYIYIAAYIIYTYAYY
G55=ITAYYTYYIATTYYAIYTITYYYYAIYAITTAIYYIIAITYAIIAAATYTYAYYTIIATAYYYTYTYYYYTYYAYIYIIYTYAYY
G56=ITAYYTYYIATTYYAYYYAIYAITTAIYYIIAITYAIIAAATYTYAYYTIIATAYYYTYTIYIAAYYYYYTYYAYIYIIYTYAYY
G57=ITAYYTYYIYYYAYAYYYAIYAITTAIAATIYIYYAIIAAATYTYAIYTTTYYYTYYTYTYYYYTYYAYIITTYYYYIIYTYAYY
G58=IAIYIIAIYATIIIIYYYIIYTYTYTIATTIYTAITIIIYIIYIYYTIIYIYAYATAAITIYTAYYYYTTITIYTTAYTITTYATY
G59=IAIYIIAIYATIIIIYYYIIYTYTYTIATTIYTAITIIYYTIATAAITIYTAYYITTATYYYTTITIYAYIYIYTTAYTITTYATY
G60=IAIYIIAIYATIIIIYYYIIYTYTYTIATTIYTITAIYYAITIIYYTIATAAITIYTAYYYYTTITIYAYIYIYTTAYTITTYATY
G61=IAIYIIAIYATIIIIYYYIIYTYTYTIIIAIYTAITIIYIIYAAYYTIATAAITIYTAYYYYTTITIYTTAYTIAIAIYITTYATY
G62=IAIYIIAIYATIIIIYYYIIYTYTYTIIIAIYTAITIIYYTIATAAIITYYTYTIYTAYYYYTTITIYTTAYTIAIAIYITTYATY
G63=IAITATYYIYIIIAITIYAIYATIYIIYTYTYTTAITIIYYTIIIIITYATAAITIYITYYIYTAYYYYTTITIYTTAYTITTYATY
G64=IAITTYYYITATYYIYIIAIYATIYIIYTYTYTTAITIIYYTIIIIITYATAAITIYITYYIYTAYYYYTTITIYTTAYTITTYATY
G65=IAIYIIAIYATIYIIIIIIIYYIATYYYTYTYTTAITIIYYTIATTYYIATAAITIYITYYIYTAYYYYTTITIYTTAYTITTYATY
G66=IAIYIIAIYATIYIIYIATYYYTYTYTTAITIIYYTIATTYYIATAAITIYIIYYAYITYYIYTAYYYYTTITIYTTAYTITTYATY
G67=IAIYIIAIYATIYIIYTYTYTTAITIIYYTIIIIITYAIYTAIYTAAITIYITYYIYIAAYYYTAYYYYTTITIYTTAYTITTYATY
G68=ITYTYTYAIITAIYYITYAYTTAIITIAIIYTIAAIYTYAYYTTAYIATYTYTIIYTAIIIATYYTAIYYTYAYIIAAYIAIAIYYATIY
G69=IIAATIITTAIATITTYTIAAYAYYTTAAIAIAIAAITIATAAAYYYAATTYYIAAYITYAIYAIITYAAAYTIAAAYAYYAAIATAAIYY
G70=IYYAATAATAITTTTAIIYTIITATAITTATIYAATIAIYAIIAAATIAAIYTTYATATAYIIYATYTIIAAYYYATIYTIYYAYAYYIAAIY
G71=IIAATIITTAIATITTYTIAAYAYYTTAAIIIYYIAIAIAAITIATAAAYYYAATTYYIAAYITYAIYAIITYAAAYTIAAAYAYYAAIATAAIYY
G72=ITYTYTYAIITAIYYITITYAAYYAYTTAIITIAIIYTIAAIYTYAYYTTAYIATYTYTIIYTAIIIATYYTAIYYTYAYIIAAYIAIAIYYATIY
G73=ITYTYTYAIITAIYYITYAYTTAIITIAIIYTIAAIYTYAYYTTAYIATYTYTIIYTAIIIATYYTAIYYTYAYIIIAIYIYAAYIAIAIYYATIY
G74=IYYAATAATAITTTTAIIYTIITATAITTATIYAATIAIYAIIAAATIAAIIITAAYYTTYATATAYIIYATYTIIAAYYYATIYTIYYAYAYYIAAIY
G75=IIAATIITTAIATITTYTIAAYAYYTTAAIIIYYIAIAIAAITIATAAAYYYAATTYYIAIAITYAYITYAIYAIITYAAAYTIAAAYAYYAAIATAAIYY
G76=IIAATIITTAIATITTYTIAAYAYYTTAAIIIYYIAIAIAAITIATAAAYYYAATTYYIAAYITYAIYAIITYAAAYTIAAAYAYYAAITAYIYIATAAIYY
G77=ITYTYTYAIIITTYAYTAIYYITITYAAYYAYTTAIITIAIIYTIAAIYTYAYYTTAYIATYTYTIIYTAIIIATYYTAIYYTYAYIIAAYIAIAIYYATIY
G78=ITYTYTYAIITAIYYITITYAIAIYYYAYYAYTTAIITIAIIYTIAAIYTYAYYTTAYIATYTYTIIYTAIIIATYYTAIYYTYAYIIAAYIAIAIYYATIY
G79=ITYTYTYAIITAIYYITYAYTTAIITIAIIYTIAAIYTIIITAYYAYYTTAYIATYTYTIIYTAIIIATYYTAIYYTYAYIIIAIYIYAAYIAIAIYYATIY
G80=ITYTYTYAIITAIYYITYAYTTAIITIAIIYTIAAIYTYAYYTTAYIATYTYTIIYTAIIIATYYTAIAAAIYIYYTYAYIIIAIYIYAAYIAIAIYYATIY
G81=IYYAATAATAITTTTAIIYTIIAAYIYITATAITTATIYAATIAIYAIIAAATIAAIIITAAYYTTYATATAYIIYATYTIIAAYYYATIYTIYYAYAYYIAAIY
G82=IYYAATAATAITTTTIAITTYAIIYTIITATAITTATIYAATIAIYAIIAAATIAAIIITAAYYTTYATATAYIIYATYTIIAAYYYATIYTIYYAYAYYIAAIY
G83=IAAYIYIAATIITTAIATITTYTIAAYAYYTTAAIIIYYIAIAIAAITIATAAAYYYAATTYYIAIAITYAYITYAIYAIITYAAAYTIAAAYAYYAAIATAAIYY
G84=IIAATIITTAIATITTYTIAAYAYYTTAAIIIYYIAIAIAAITIATAAAYIIYYAYYYAATTYYIAIAITYAYITYAIYAIITYAAAYTIAAAYAYYAAIATAAIYY
G85=IIAATIITTAIATIITATTYTTYTIAAYAYYTTAAIIIYYIAIAIAAITIATAAAYYYAATTYYIAAYITYAIYAIITYAAAYTIAAAYAYYAAITAYIYIATAAIYY
G86=IIAATIITTAIATITTYTIAAYAYYTTAAIIIYYIAIAAAAYIAIAAITIATAAAYYYAATTYYIAAYITYAIYAIITYAAAYTIAAAYAYYAAITAYIYIATAAIYY
G87=ITYTITIYYYYTYAIITAIYYITYAYTTAIITIAIIYTIAAIYTYAYYTTAYIATYTYTIIYTAIIIATYYTAIAAAIYIYYTYAYIIIAIYIYAAYIAIAIYYATIY
G88=ITYTYTYAIIITTYAYTAIYYITITYAAYITAATYYAYTTAIITIAIIYTIAAIYTYAYYTTAYIATYTYTIIYTAIIIATYYTAIYYTYAYIIAAYIAIAIYYATIY
G89=ITYTYTYAIIITTYAYTAIYYITITYAAYYAYTTAIITIAIIYTIIAITIYAAIYTYAYYTTAYIATYTYTIIYTAIIIATYYTAIYYTYAYIIAAYIAIAIYYATIY
G90=ITYTYTYAIITAIYYITITYAIAIYYYAYYAYTTAIITIAIIYTIAAIYTYAIATIIYYYTTAYIATYTYTIIYTAIIIATYYTAIYYTYAYIIAAYIAIAIYYATIY
G91=ITYTYTYAIITAIYYITITYAIAIYYYAYYAYTTAIITIAIIYTIAAIYTYAYYTTAYIATYTYTIIYTAIIIATYYTAIAIYIYIYYTYAYIIAAYIAIAIYYATIY
G92=ITYTYTYAIITAIYYITYAYTTAIITIAIIYTIAAIYIATTAYTIIITAYYAYYTTAYIATYTYTIIYTAIIIATYYTAIYYTYAYIIIAIYIYAAYIAIAIYYATIY
G93=ITYTYTYAIITAIYYITYAYTTAIITIAIIYTIAAIYTIYAYAYYAYYTTAYIATYTYTIIYTAIIIATYYTAIAAAIYIYYTYAYIIIAIYIYAAYIAIAIYYATIY
G94=ITYTYTYAIITAIYYITYAYTTAIITIAIIYTITTIIYIAAIYTIIITAYYAYYTTAYIATYTYTIIYTAIIIATYYTAIYYTYAYIIIAIYIYAAYIAIAIYYATIY
G95=IAAYIYIAATIITTAIATITTYTIAAYAYYTTAAIIIYYIAIAIAAITIATAAAYYYTYTYYAATTYYIAIAITYAYITYAIYAIITYAAAYTIAAAYAYYAAIATAAIYY
G96=IYYAATAATAITTTTAIIYTIIAAYIYITATAITTATIYAATIAIYAIIAAATIAAIIITAAYYTTYATATIYATAYAYIIYATYTIIAAYYYATIYTIYYAYAYYIAAIY
G97=IYYAATAATAITTTTAIIYTIIAIATIYYAYIYITATAITTATIYAATIAIYAIIAAATIAAIIITAAYYTTYATATAYIIYATYTIIAAYYYATIYTIYYAYAYYIAAIY
G98=IYYAATIYIIYYAATAITTTTIAITTYAIIYTIITATAITTATIYAATIAIYAIIAAATIAAIIITAAYYTTYATATAYIIYATYTIIAAYYYATIYTIYYAYAYYIAAIY
G99=IYYAIIIYYYATAATAITTTTIAITTYAIIYTIITATAITTATIYAATIAIYAIIAAATIAAIIITAAYYTTYATATAYIIYATYTIIAAYYYATIYTIYYAYAYYIAAIY
G100=IIYAYAYAAYIYIAATIITTAIATITTYTIAAYAYYTTAAIIIYYIAIAIAAITIATAAAYYYAATTYYIAIAITYAYITYAIYAIITYAAAYTIAAAYAYYAAIATAAIYY
G101=IIAATIITTAIATITTYTIAAYAYYTTAAIIIYYIAIAIAAITIATAAAYIIYYAYYYAATTYYIAIAIIIYTAYTYAYITYAIYAIITYAAAYTIAAAYAYYAAIATAAIYY
G102=IIAATIITTAIATITTYTIAAYAYYTTAAIIIYYIAIAIIIAITYAAITIATAAAYIIYYAYYYAATTYYIAIAITYAYITYAIYAIITYAAAYTIAAAYAYYAAIATAAIYY
G103=IIAATIITTAIATIITATTYTTYTIAAIIIYIYYAYYTTAAIIIYYIAIAIAAITIATAAAYYYAATTYYIAAYITYAIYAIITYAAAYTIAAAYAYYAAITAYIYIATAAIYY
G104=IIAATIITTAIATIITATTYTTYTIAAYAYYTTAAIIIYYIAIIITITYAIAAITIATAAAYYYAATTYYIAAYITYAIYAIITYAAAYTIAAAYAYYAAITAYIYIATAAIYY
G105=IIAATIITTAIATIIYATYYTTYTIAAYAYYTTAAIIIYYIAIAAAAYIAIAAITIATAAAYYYAATTYYIAAYITYAIYAIITYAAAYTIAAAYAYYAAITAYIYIATAAIYY
G106=IIAATIITTAIATITTYTIAAYAYYTTAAIIIYYIAIAAAAYIIYYYYYAIAAITIATAAAYYYAATTYYIAAYITYAIYAIITYAAAYTIAAAYAYYAAITAYIYIATAAIYY
G107=IYYAATAATAITTTTAIIYTIIAAYIYITATAITTATIYAATIYAYAYIAIYAIIAAATIAAIIITAAYYTTYATATIYATAYAYIIYATYTIIAAYYYATIYTIYYAYAYYIAAIY
G108=IYYAATAATAITTTTAIIYTIIAIATIYYAYIYITATAITTATIYAATIAIYAIIAAATIIATIIYAAIIITAAYYTTYATATAYIIYATYTIIAAYYYATIYTIYYAYAYYIAAIY
G109=IYYAATAATAITTTTAIIYTIIAIATIYYAYIYITATAITTATIYAATITTYAYIAIYAIIAAATIAAIIITAAYYTTYATATAYIIYATYTIIAAYYYATIYTIYYAYAYYIAAIY
G110=IYYAATAITTAYYATAITTTTAIIYTIIAAYIYITATAITTATIYAATIAIYAIIAAATIAAIIITAAYYTTYATATIYATAYAYIIYATYTIIAAYYYATIYTIYYAYAYYIAAIY
G111=IYYAATIYIIYYAIIYAYYATAITTTTIAITTYAIIYTIITATAITTATIYAATIAIYAIIAAATIAAIIITAAYYTTYATATAYIIYATYTIIAAYYYATIYTIYYAYAYYIAAIY
G112=IYYAIIIYYYATAATAITTTTIITYYAYAITTYAIIYTIITATAITTATIYAATIAIYAIIAAATIAAIIITAAYYTTYATATAYIIYATYTIIAAYYYATIYTIYYAYAYYIAAIY

G0 G1 G2 G3 G4 G5 G6 G7 G8 G9 G10 G11 G12 G13 G14 G15 G16 G17 G18 G19 G20 G21 G22 G23 G24 G25 G26 G27 G28 G29 G30 G31 G32 G33 G34 G35 G36 G37 G38 G39 G40 G41 G42 G43 G44 G45 G46 G47 G48 G49 G50 G51 G52 G53 G54 G55 G56 G57 G58 G59 G60 G61 G62 G63 G64 G65 G66 G67 G68 G69 G70 G71 G72 G73 G74 G75 G76 G77 G78 G79 G80 G81 G82 G83 G84 G85 G86 G87 G88 G89 G90 G91 G92 G93 G94 G95 G96 G97 G98 G99 G100 G101 G102 G103 G104 G105 G106 G107 G108 G109 G110 G111 G112 
0 715 815 150 923 1217 875 861 1284 300 300 1059 970 1235 920 1306 929 1330 450 427 450 1099 1312 859 1018 1351 1335 865 1262 1525 1285 1011 1179 1012 1329 600 577 600 528 509 600 1225 1145 906 1066 1216 1369 1450 1377 1239 1129 877 952 1684 1445 1414 1348 1712 1062 1312 1216 1041 1080 1635 1307 1313 1566 1474 1192 1242 1595 1282 1308 1241 1526 1322 1330 1188 1328 1316 1289 1642 1608 1623 1370 1412 1378 1205 1817 1236 1269 1368 1322 1337 1363 1663 1601 1741 1707 1206 1393 1418 1418 1562 1460 1494 1426 1734 1823 1840 1700 1823 1254 
715 0 885 763 150 708 1026 932 747 811 796 300 300 756 1282 978 793 845 859 859 844 450 425 450 391 1075 804 1314 1215 1025 1096 841 840 804 600 909 1122 1054 907 907 907 575 600 541 600 600 933 1119 836 675 940 1030 1430 1124 1331 1212 1143 1377 888 887 1465 850 852 833 1104 1167 1201 882 988 1481 1702 1521 1092 1036 1739 1578 1568 2554 1079 1084 1084 1498 1889 1652 1626 1513 1564 1127 2704 2704 1127 1127 1132 1132 1069 1726 1489 2039 2001 1974 1529 1691 1585 1561 1561 1527 1612 1551 2139 2189 1639 2043 2056 
815 885 0 844 855 1523 150 150 1648 892 860 902 920 1673 300 300 1798 1690 940 940 1157 1242 947 964 967 1823 1823 450 450 450 450 1948 1909 1840 1117 1178 956 1061 988 988 1015 1358 1392 1136 1009 1029 1336 1973 1973 1053 1563 600 600 600 584 598 600 600 2098 2094 2059 1990 1990 1435 1411 2119 2068 2119 1609 1110 1600 1150 1759 1742 1975 1556 1839 1909 1909 1892 1932 2125 1756 1714 1356 1885 1972 1913 2059 2059 2387 2220 2042 2082 2042 1888 1961 1767 1765 2001 1414 1438 1403 1317 1984 2109 1465 2111 1815 1815 1926 1847 2257 
150 763 844 0 935 1282 971 890 1349 150 150 1014 982 1299 1016 1181 961 1320 300 277 300 954 1062 907 1030 1415 1353 961 1359 1363 1160 1043 1294 1400 1184 450 427 357 429 359 450 1095 1000 918 1078 1228 1502 1514 1339 1251 1271 1344 1049 1732 1493 1289 1155 1152 1125 1415 1331 1516 1499 1380 1371 1377 1630 1386 1319 1307 1677 1347 1257 1367 1569 1387 1395 1315 1305 1560 1415 1685 1651 1686 1435 1477 1443 1331 1393 1362 1317 1346 1498 1463 1693 1726 1644 1784 1750 1270 1456 1483 1483 1627 1525 1559 1491 1777 1866 1883 1743 1866 1318 
923 150 855 935 0 844 996 969 883 978 844 150 150 892 1034 1016 929 981 1138 1083 892 300 300 300 300 909 1042 1010 1259 1064 1134 977 993 940 450 957 1235 1102 1186 1130 1186 450 450 450 374 450 1171 957 972 525 1197 1049 1057 1163 1375 989 1182 1422 1024 930 1615 988 988 1071 1342 1005 1004 1019 1245 1457 1673 1461 1122 1284 1712 1501 1509 2602 1194 1168 1198 1470 1862 1575 1534 1625 1628 1263 2752 2752 1242 1242 1216 1389 1229 1645 1458 2012 1399 2012 1657 1582 1825 1984 1801 1710 1676 1520 2110 2162 1608 2162 2162 
1217 708 1523 1282 844 0 1138 1571 125 1383 1364 1093 891 150 1184 1619 275 275 1465 1461 1429 1209 751 885 1058 300 300 1085 1181 1166 1667 425 425 425 1289 1431 1324 1373 1547 1543 1959 747 1238 1080 984 1000 450 391 448 981 1234 1133 1133 1282 1297 1878 1715 1177 448 575 539 575 575 581 600 541 490 598 1282 1330 1370 1370 1324 1330 1586 1427 1433 1659 1369 1378 1378 1634 1668 1453 1475 1532 1481 2423 1724 1886 1417 1417 1426 1426 1413 1493 1750 1396 1400 1716 1512 1540 1645 1580 1599 1450 1529 1798 1444 1444 1594 1456 1781 
875 1026 150 971 996 1138 0 300 1212 1094 987 1043 1061 1183 150 450 1328 1259 1172 1208 1284 1383 1088 1106 1108 1316 1230 300 300 393 600 1218 1452 1409 1533 1305 1224 1190 1379 1272 1250 1372 1411 1277 1140 1171 1256 1229 1275 1195 1610 450 450 543 450 1999 729 450 1300 2096 1367 1302 1519 1423 1619 1065 1408 1235 1656 1546 1682 1586 1806 1789 1896 1626 1634 1956 1956 1939 2106 2046 2012 1253 1498 1682 1369 1872 2106 2106 2491 2394 2089 2256 2089 1293 1988 1779 1743 2162 1295 1811 1544 1730 1730 1502 1739 2138 1860 1901 1974 1825 2212 
861 932 150 890 969 1571 300 0 1696 938 920 972 1034 1721 256 150 1846 1738 986 986 1253 1338 1017 1078 1098 1871 1871 406 406 300 300 1996 1974 1888 1238 1274 1228 1107 1034 1034 1258 1530 1488 1267 1202 1143 1384 2021 2021 1167 1609 556 556 450 540 448 450 556 2146 2227 2124 2038 2038 1483 1362 2171 2171 2171 1655 1157 1082 1197 1805 1734 1239 1603 1705 1955 1955 1884 1980 1287 1793 1981 1403 1804 1753 1978 2105 2105 2536 2268 2034 2130 2034 1912 1297 1405 1864 2038 1479 1485 1450 1361 2030 1818 1512 1345 1453 1453 1332 1946 2059 
1284 747 1648 1349 883 125 1212 1696 0 1450 1431 1132 929 275 1258 1744 150 150 1532 1528 1496 1160 790 923 1096 425 425 1125 1255 1206 1792 300 300 300 1240 1719 1391 1440 1614 1610 1210 923 1261 1116 1022 1038 575 516 573 1101 1359 1173 1173 1322 1371 2003 1840 1251 323 450 414 450 450 706 725 462 615 723 1407 1320 1461 1410 1449 1455 1570 1467 1473 1784 1494 1503 1503 1618 1652 1637 1515 1572 1521 2548 1849 2011 1542 1542 1551 1551 1538 1671 1700 1445 1572 1700 1555 1580 1761 1620 1654 1566 1569 1748 1493 1493 1685 1496 1765 
300 811 892 150 978 1383 1094 938 1450 0 300 1079 1025 1400 1139 1210 1532 1424 150 150 450 1019 1127 955 1271 1516 1454 1084 1101 1343 1189 1614 1463 1506 1249 600 300 600 279 300 300 1160 1065 1178 1298 1398 1603 1615 1440 1486 1465 1459 1045 1434 1597 1377 1076 1275 1722 1784 1562 1622 1741 1481 1472 1478 1731 1487 1509 1805 1742 1879 1272 1608 1544 1514 1924 1360 1318 1646 1690 1660 1626 1813 1562 2006 2057 1606 1407 1408 1366 1366 1762 1772 1796 1853 1617 1759 1498 1356 1583 1423 1807 2088 1431 2173 2190 1750 1841 1858 1716 1648 1404 
300 796 860 150 844 1364 987 920 1431 300 0 923 888 1380 1056 983 1127 1368 450 427 150 1191 971 936 936 1496 1435 993 1421 1183 962 1175 1410 1450 1193 300 577 300 579 509 600 1004 1280 1010 984 959 1584 1595 1387 912 1242 1340 1041 1778 1283 1150 972 1217 1276 1581 1509 1566 1581 1462 1452 1458 1711 1434 1290 1779 1723 1853 1354 1338 1771 1927 1758 1400 1245 1866 1386 1887 1853 1802 2043 1840 1891 1336 1326 1448 1292 1306 1931 1434 1965 1842 1863 1986 1952 1952 1521 2142 2125 1922 1573 2007 2024 1996 2068 2085 1962 2068 2068 
1059 300 902 1014 150 1093 1043 972 1132 1079 923 0 300 1068 1010 1018 1022 1196 1203 1128 971 150 150 450 271 1085 1087 986 1305 1057 1136 1070 1086 976 300 1036 1300 1181 1251 1174 1251 300 300 421 524 600 1216 1049 1027 675 1053 1068 1033 1071 1421 1164 1182 1469 1118 899 1126 1024 1024 1116 1387 1097 1045 1023 1101 1562 1721 1636 1204 1149 1755 1676 1684 2701 1276 1197 1197 1513 1905 1714 1619 1800 1690 1321 2851 2851 1324 1324 1234 1245 1243 1805 1584 2055 1744 2057 1586 1667 1778 1747 1862 1619 1738 1641 2293 2205 1734 1788 2207 
970 300 920 982 150 891 1061 1034 929 1025 888 300 0 939 1099 1081 975 1027 1254 1130 936 450 450 150 150 956 1089 1058 1324 1129 1199 1023 1039 986 600 1001 1351 1167 1291 1177 1302 600 600 300 224 300 1236 1003 1018 375 1245 1097 1105 1228 1440 1054 1247 1487 1070 976 1661 1034 1034 1118 1389 1051 1050 1184 1293 1348 1823 1352 1170 1341 1862 1392 1400 2620 1242 1389 1389 1968 2012 1466 1425 1516 1471 1432 2770 2770 1290 1290 1426 1437 1521 1536 1970 2162 1549 2162 1548 1473 1716 2024 1692 1553 1567 1641 2260 2312 2120 2312 2262 
1235 756 1673 1299 892 150 1183 1721 275 1400 1380 1068 939 0 1328 1769 425 425 1481 1477 1445 1184 799 933 1157 150 150 1133 1285 1282 1817 575 575 575 1264 1477 1284 1550 1563 1559 1902 795 1213 1179 999 1048 300 300 298 1029 1443 1181 1181 1398 1186 2028 1865 1281 725 725 689 725 575 431 450 450 450 448 1491 1378 1415 1418 1372 1539 1634 1475 1481 1705 1415 1587 1587 1682 1716 1572 1523 1580 1529 2556 1770 1934 1463 1463 1635 1635 1459 1626 1798 1393 1397 1764 1563 1554 1655 1628 1642 1583 1577 1846 1441 1441 1836 1453 1829 
920 1282 300 1016 1034 1184 150 256 1258 1139 1056 1010 1099 1328 0 406 1407 1305 1217 1065 1102 1404 1055 1144 1172 1145 1478 150 150 349 556 1320 1527 1488 1554 1123 1202 1236 1424 1095 1296 1390 1544 1341 1177 1209 1504 1139 1576 1233 2093 300 300 499 300 2081 685 300 1364 2077 1609 1381 1598 1568 1760 1187 1366 1552 2009 1384 1218 1320 2159 1774 1357 1360 1368 2309 2309 1924 1839 1439 1456 1485 1587 1467 1414 1954 2459 2459 2641 2020 2074 1989 2074 1616 1521 1538 2081 1701 1618 1900 1589 1617 1513 1533 1450 2148 1619 1983 1748 2282 1817 
1306 978 300 1181 1016 1619 450 150 1744 1210 983 1018 1081 1769 406 0 1894 1786 1258 1258 1571 1385 1060 1124 1145 1919 1919 556 465 150 150 2044 2056 1936 1284 1580 1276 1041 1306 1493 1306 1578 1535 1314 1248 1189 1432 2069 2069 1213 1656 706 563 300 518 298 300 615 2194 2343 2206 2086 2086 1531 1503 2219 2219 2219 1679 1276 1143 1350 1829 1725 1388 1486 1716 1979 1979 1875 1807 1436 1942 1762 1506 1811 1764 1957 2129 2129 2584 2078 2025 1957 2025 1679 1516 1470 1946 2187 1544 1800 1605 1407 1910 1829 1556 1564 1518 1518 1551 2028 2208 
929 793 1798 961 929 275 1328 1846 150 1532 1127 1022 975 425 1407 1894 0 300 1614 1610 1020 979 855 1023 1056 503 575 1173 1315 1339 1942 150 150 265 1059 1064 1473 1171 1696 1692 1257 831 1009 1060 1070 1138 725 594 663 1182 1407 1221 1221 1455 1431 2153 1990 1311 173 300 300 415 415 856 875 612 693 813 1455 1418 1577 1458 1497 1503 1814 1515 1539 1825 1540 1551 1551 1862 1896 1931 1563 1579 1587 1865 1890 1890 1588 1588 1599 1599 1837 1718 1944 1492 1688 1743 1603 1628 1815 1627 1626 1571 1635 1992 1540 1540 1801 1577 1893 
1330 845 1690 1320 981 275 1259 1738 150 1424 1368 1196 1027 425 1305 1786 300 0 1506 1502 1562 1258 888 1021 1194 575 575 1335 1284 1296 1834 450 450 150 1338 1784 1611 1457 1583 1550 1350 938 1255 960 1120 1136 725 725 723 1199 1393 2055 1564 1412 1400 1882 1882 1280 600 600 564 300 300 856 875 671 875 873 1441 1364 1531 1404 1483 1620 1613 1461 1450 1737 1536 1685 1668 1661 1695 1622 1509 1492 1498 2532 1802 1965 1584 1584 1750 1767 1492 1659 1743 1731 1619 1743 1549 1574 1667 1502 1631 1563 1546 1791 1830 1796 1732 1543 1808 
450 859 940 300 1138 1465 1172 986 1532 150 450 1203 1254 1481 1217 1258 1614 1506 0 300 600 1548 1677 1003 1319 1597 1500 1162 1145 1391 1237 1696 1579 1588 1647 750 450 750 150 450 150 1397 1647 1621 1468 1510 1453 1696 1486 1534 1458 1273 1089 1267 1509 1425 1124 1317 1781 1900 1678 1704 1749 1489 1402 1559 1812 1527 1502 1853 1824 1927 1316 1601 1592 1596 1972 1404 1362 1651 1683 1708 1674 2109 1644 2054 2105 1599 1443 1452 1410 1410 1767 1730 1801 2196 1665 1807 1580 1436 1603 1505 1889 2136 1513 2221 2238 1798 1889 1906 1764 1730 1484 
427 859 940 277 1083 1461 1208 986 1528 150 427 1128 1130 1477 1065 1258 1610 1502 300 0 577 1069 1173 1003 1319 1593 1577 1003 1113 1391 1237 1692 1575 1584 1299 727 150 727 415 150 450 1404 1334 1218 1284 1435 1538 1692 1573 1534 1264 1051 1286 1579 1161 1425 1124 1213 1808 1896 1674 1700 1818 1372 1487 1555 1808 1715 1312 1683 1824 1927 1448 1360 1856 1615 1972 2164 1358 1408 1408 1972 1938 1914 1663 2054 2105 1324 2297 2212 1406 1406 1456 1456 1456 1954 1844 2071 2037 2037 2242 1524 1926 2136 1603 1526 2238 1977 2153 2170 1943 2153 2153 
450 844 1157 300 892 1429 1284 1253 1496 450 150 971 936 1445 1102 1571 1020 1562 600 577 0 1285 1019 984 984 1561 1517 1047 1310 1653 1550 1068 1074 1275 1287 150 727 150 729 659 750 1052 1170 1142 1032 1007 1666 1660 1435 960 1341 1420 1121 1824 1328 1738 1632 1299 1115 1121 1462 1357 1374 1544 1517 1523 1776 1482 1389 1827 1725 1901 1453 1437 1716 1975 1806 1267 1501 1965 1485 1832 1798 1935 2091 1888 1939 1469 1547 1315 1413 1490 2030 1533 2064 1975 1740 1931 1897 1897 1586 2190 2173 1970 1621 2055 2072 1873 2013 2030 1839 2013 2013 
1099 450 1242 954 300 1209 1383 1338 1160 1019 1191 150 450 1184 1404 1385 979 1258 1548 1069 1285 0 300 600 421 1131 1142 1122 1426 1433 1467 1027 1043 1038 150 1350 1504 1495 1596 1116 1596 259 150 571 674 750 1205 1148 1160 825 1100 1204 1169 1532 1468 1710 1515 1508 1076 856 1067 1086 1086 1162 1442 1196 1144 1156 1148 1370 1769 1444 1251 1196 1784 1484 1492 1272 1323 1244 1244 1474 1934 1417 1427 1540 1498 1711 1333 1320 1371 1371 1281 1292 1224 1487 1553 2084 1241 2156 1291 1475 1586 1588 1602 1546 1546 1613 2063 2234 1703 1289 2306 
1312 425 947 1062 300 751 1088 1017 790 1127 971 150 450 799 1055 1060 855 888 1677 1173 1019 300 0 438 421 816 1177 1031 1352 1050 1134 899 903 854 450 1084 1445 1229 1413 1218 1743 150 450 571 505 588 1306 860 986 663 1824 1113 1101 1058 1468 1294 1182 1469 943 951 988 898 983 1068 1477 908 908 914 1872 1567 1766 1641 2022 1268 1800 1800 1688 2172 2172 1259 1314 1558 1950 1733 1877 1804 1821 1379 2322 2220 2220 2220 1307 1633 1427 1824 1632 2100 1962 2095 2063 1722 1794 1710 1866 1845 1869 1689 2392 2250 1782 2185 2252 
859 450 964 907 300 885 1106 1078 923 955 936 450 150 933 1144 1124 1023 1021 1003 1003 984 600 438 0 300 950 1130 1359 1220 1171 1242 1069 1019 1223 750 1049 1180 1215 1051 1051 1051 588 750 450 150 150 1277 998 1012 225 1121 1458 1475 1270 1248 1097 1289 1378 1284 1134 1240 1339 1322 1159 1430 1045 1046 1112 1169 1362 1883 1366 1252 1217 2119 1406 1413 2668 1260 1265 1265 2016 2269 1480 1439 1529 1519 1308 2818 2818 1308 1308 1302 1313 1312 1520 2030 2419 1648 2118 1374 1689 1520 1823 1563 1601 1549 1701 2320 2569 2180 2078 2200 
1018 391 967 1030 300 1058 1108 1098 1096 1271 936 271 150 1157 1172 1145 1056 1194 1319 1319 984 421 421 300 0 1174 1150 1131 1369 1193 1263 1172 981 1085 571 1049 1179 1215 1367 1367 1367 571 571 150 374 450 1300 1014 1081 525 1361 1179 1178 1122 1485 1197 1311 1533 1254 1028 1811 1167 1150 1179 1450 1062 1062 1225 1409 1427 1871 1397 1252 1457 1906 1437 1445 2668 1324 1505 1505 2016 2056 1511 1468 1561 1579 1548 2818 2818 1372 1372 1542 1553 1637 1581 2018 2206 1358 2207 1593 1516 1777 2358 1754 1661 1630 1705 2616 2356 2168 1404 2327 
1351 1075 1823 1415 909 300 1316 1871 425 1516 1496 1085 956 150 1145 1919 503 575 1597 1593 1561 1131 816 950 1174 0 300 1175 1279 1329 1967 653 725 725 1211 1593 1400 1666 1679 1675 2018 807 1119 1233 1016 1065 450 150 448 1442 1593 1527 1335 1445 1180 2178 2015 1275 803 875 839 875 725 581 600 300 300 598 1641 1426 1497 1466 1522 1689 1682 1523 1547 1855 1565 1737 1737 1730 1764 1676 1571 1646 1595 2689 1920 2084 1613 1613 1785 1785 1609 1871 1846 1406 1444 1812 1611 1636 1754 1694 1728 1660 1643 1894 1454 1454 1918 1471 1877 
1335 804 1823 1353 1042 300 1230 1871 425 1454 1435 1087 1089 150 1478 1919 575 575 1500 1577 1517 1142 1177 1130 1150 300 0 1181 1332 1468 1967 710 725 725 1222 1410 1475 1582 1545 1530 1582 1152 1232 1172 1141 1245 150 260 150 1226 1491 1229 1229 1584 1232 2178 2015 1328 706 875 839 747 725 226 300 410 410 300 1539 1953 1548 1691 1347 1587 1594 1747 1772 1536 1395 1635 1635 1642 1676 1666 1705 1683 1801 2689 1583 1587 1443 1443 1683 1683 1537 1706 1689 1588 1957 1724 1725 1634 1739 1725 1731 1716 1944 1737 1653 2154 1771 1531 1789 
865 1314 450 961 1010 1085 300 406 1125 1084 993 986 1058 1133 150 556 1173 1335 1162 1003 1047 1122 1031 1359 1131 1175 1181 0 300 499 706 1221 1208 1518 1187 1112 1068 1137 1369 1033 1243 1366 1221 1637 1407 1407 1229 1133 1229 1431 1506 150 150 649 450 1164 835 450 1269 1773 1256 1411 1628 1277 1277 1181 1396 1218 1422 1866 1282 1906 1608 1187 1421 1946 1954 1656 1518 1235 1252 1503 1520 1658 2459 1619 2002 1300 2152 1752 1810 1229 1283 1300 1283 1698 1555 1602 2214 1851 1700 2645 2592 2077 1666 1683 2031 2182 1683 2047 1553 2415 1967 
1262 1215 450 1359 1259 1181 300 406 1255 1101 1421 1305 1324 1285 150 465 1315 1284 1145 1113 1310 1426 1352 1220 1369 1279 1332 300 0 408 615 1318 1592 1557 1626 1331 1250 1460 1378 1142 1190 1489 1525 1538 1787 1285 1358 1208 1534 1309 2158 450 450 558 150 2003 992 150 1365 2142 1674 1709 1564 1406 1598 1254 1435 1652 1830 1423 1275 1359 1980 1822 1277 1577 1404 2130 2130 1972 1924 1359 1376 1658 1735 1503 1450 2002 2280 2280 2791 2068 2122 2074 2122 1698 1389 1458 2058 1621 1700 1678 1636 1653 1725 1579 1486 2298 1504 2279 1616 2114 1737 
1525 1025 450 1363 1064 1166 393 300 1206 1343 1183 1057 1129 1282 349 150 1339 1296 1391 1391 1653 1433 1050 1171 1193 1329 1468 499 408 0 300 1349 1327 1429 1331 1486 1409 1241 1439 1623 1439 1626 1583 1288 1295 1236 1706 1487 1675 1260 1704 649 506 150 453 1687 450 558 1431 1431 1460 1433 1518 1804 1550 1366 1618 1721 1725 1249 1266 1323 1875 1771 1511 1364 1371 2025 2025 1921 1853 1559 2065 1640 1575 1416 1504 2003 2175 2175 2632 2045 2071 2003 2071 1590 1639 1896 1839 2310 1730 1703 1651 1728 1374 1547 1602 1687 1753 1995 1674 1921 2331 
1285 1096 450 1160 1134 1667 600 300 1792 1189 962 1136 1199 1817 556 150 1942 1834 1237 1237 1550 1467 1134 1242 1263 1967 1967 706 615 300 0 2092 2121 1984 1609 1679 1255 1020 1285 1472 1285 1233 1617 1432 1366 1307 1452 2117 2117 1331 1701 856 713 272 668 150 150 765 2242 2476 2271 2134 2134 1499 1653 2267 2267 2267 1738 1357 1207 1431 1888 1818 1452 1567 1797 2038 2038 1968 2211 1500 2006 1844 1587 1892 1845 2125 2188 2188 2717 2463 2118 2361 2118 1761 1580 1534 2011 2337 1626 1881 1686 1488 1991 1910 1637 1628 1582 1582 1616 2093 2358 
1011 841 1948 1043 977 425 1218 1996 300 1614 1175 1070 1023 575 1320 2044 150 450 1696 1692 1068 1027 899 1069 1172 653 710 1221 1318 1349 2092 0 300 415 1107 1112 1555 1481 1778 1774 1305 875 1057 1176 1116 1184 860 744 779 1298 1455 1269 1269 1465 1434 2303 2140 1314 150 450 450 365 565 991 1010 762 792 929 1503 1466 1679 1506 1545 1551 1869 1563 1587 1836 1587 1599 1599 1917 1951 1979 1611 1686 1635 1947 1901 1901 1635 1635 1647 1647 1848 1766 1999 1711 2380 1962 1651 1676 1863 1734 1768 1441 1683 2047 1758 2062 2081 2269 2064 
1179 840 1909 1294 993 425 1452 1974 300 1463 1410 1086 1039 575 1527 2056 150 450 1579 1575 1074 1043 903 1019 981 725 725 1208 1592 1327 2121 300 0 415 1123 1118 1450 1448 1712 1657 1397 879 1073 985 1066 1134 875 875 771 1264 1455 1307 1290 1443 1708 2169 2203 1588 450 150 150 565 565 1006 1025 821 1025 819 1503 1386 1664 1506 1545 1551 1643 1563 1587 2145 1587 1599 1599 1691 1725 1979 1611 1485 1635 1788 2224 2224 1635 1635 1647 1647 2082 2053 1765 1956 1735 1773 1651 1676 1780 1533 1532 1513 1683 1813 2004 2330 1847 2337 1838 
1012 804 1840 1400 940 425 1409 1888 300 1506 1450 976 986 575 1488 1936 265 150 1588 1584 1275 1038 854 1223 1085 725 725 1518 1557 1429 1984 415 415 0 1118 1322 1693 1539 1665 1632 1397 899 1450 1007 1271 1338 875 875 873 1400 1441 2188 1450 1545 1673 2032 2032 1553 565 565 981 150 150 1001 1025 821 1025 1023 1489 1369 1607 1452 1531 2313 1865 1509 1498 2154 1584 2463 2222 1913 1947 1767 1557 1433 1546 2536 2253 2236 1632 1632 1981 2355 2626 1935 1995 1779 1735 1790 1597 1622 1800 1474 1481 1585 1594 2043 1878 1844 1848 1590 1940 
1329 600 1117 1184 450 1289 1533 1238 1240 1249 1193 300 600 1264 1554 1284 1059 1338 1647 1299 1287 150 450 750 571 1211 1222 1187 1626 1331 1609 1107 1123 1118 0 1420 1567 1393 1695 1346 1695 409 300 721 824 694 1215 1228 1240 747 1148 1269 1234 1379 1722 1758 1655 1674 1156 936 1147 1166 1166 1165 1747 1276 1224 1236 1196 1522 2327 1596 1299 1226 2470 1636 1644 1336 1371 1220 1292 2552 2535 1499 1579 1692 1650 1601 1397 1384 1419 1419 1320 1340 1267 1569 2559 2777 2634 2376 1364 1627 1738 1740 1754 1698 1698 2709 2927 2847 2709 2927 2458 
600 909 1178 450 957 1431 1305 1274 1719 600 300 1036 1001 1477 1123 1580 1064 1784 750 727 150 1350 1084 1049 1049 1593 1410 1112 1331 1486 1679 1112 1118 1322 1420 0 806 300 879 809 900 1117 1235 1207 1097 1000 1560 1692 1481 953 1406 1485 1186 1454 1349 1761 1811 1366 1159 1165 1510 1404 1421 1660 1615 1499 1791 1528 1454 1490 1807 1529 1518 1502 1781 1504 1434 1332 1566 2030 1550 1897 1863 1578 1569 1499 1550 1504 1612 1380 1614 1797 2095 1598 2129 1740 1788 1996 1962 1962 1651 1912 1634 1547 1646 1615 1708 1921 2078 2095 1887 2078 2078 
577 1122 956 427 1235 1324 1224 1228 1391 300 577 1300 1351 1284 1202 1276 1473 1611 450 150 727 1504 1445 1180 1179 1400 1475 1068 1250 1409 1255 1555 1450 1693 1567 806 0 877 565 300 600 1537 1382 1265 1225 1065 1625 1499 1523 1089 1208 1116 1351 1644 1298 1443 1142 1278 1671 1770 1549 1809 1900 1471 1402 1407 1615 1571 1394 1782 2236 1974 1182 1442 1921 1714 2017 1340 1440 1490 1490 2037 2003 2047 1762 2099 2150 1406 1681 1388 1488 1488 1538 1538 1538 2087 1892 2136 2102 1512 2289 1623 2025 2181 1702 1625 2283 2025 2218 2235 1991 2218 1560 
600 1054 1061 357 1102 1373 1190 1107 1440 600 300 1181 1167 1550 1236 1041 1171 1457 750 727 150 1495 1229 1215 1215 1666 1582 1137 1460 1241 1020 1481 1448 1539 1393 300 877 0 879 809 855 1262 1380 1373 1263 1168 1731 1765 1605 1138 1457 1070 1059 1872 1374 1208 1030 1364 1580 1614 1510 1655 1856 1609 1622 1628 1881 1617 1505 1731 1589 1771 1569 1553 1636 1811 1676 1615 1617 2081 1601 1752 1735 2034 1859 1724 1724 1602 1663 1663 1461 1631 2146 1649 2180 2074 1800 1851 2036 2036 1651 1907 1907 1772 1669 1772 1772 1950 1931 2001 1882 2152 2152 
528 907 988 429 1186 1547 1379 1034 1614 279 579 1251 1291 1563 1424 1306 1696 1583 150 415 729 1596 1413 1051 1367 1679 1545 1369 1378 1439 1285 1778 1712 1665 1695 879 565 879 0 565 300 1442 1695 1604 1516 1558 1298 1778 1531 1582 1503 1138 1104 1331 1520 1473 1172 1238 1894 2033 1811 1781 1904 1334 1247 1641 1894 1554 1547 1167 1923 1207 1364 1646 1755 1247 1252 1452 1408 1699 1728 1871 1837 2023 1295 1413 1300 1644 1488 1500 1456 1456 1815 1774 1849 2063 1760 1970 1936 1364 1470 1340 1343 1495 1478 1342 1348 1893 2052 2069 1859 2052 1412 
509 907 988 359 1130 1543 1272 1034 1610 300 509 1174 1177 1559 1095 1493 1692 1550 450 150 659 1116 1218 1051 1367 1675 1530 1033 1142 1623 1472 1774 1657 1632 1346 809 300 809 565 0 600 1452 1526 1281 1268 1420 1463 1774 1482 1582 1500 1079 1350 1783 1189 1601 1310 1242 1890 1978 1756 1748 2042 1281 1412 1637 1890 1529 1511 1731 1940 1975 1627 1610 1899 1657 2020 2518 1461 1742 1692 2015 1981 1956 1732 2102 2153 1570 2651 2600 1529 1560 1842 1807 1884 2160 1887 2114 2080 2080 2290 1551 1993 1542 1645 1510 1549 2020 2196 2213 1986 2196 2196 
600 907 1015 450 1186 1959 1250 1258 1210 300 600 1251 1302 1902 1296 1306 1257 1350 150 450 750 1596 1743 1051 1367 2018 1582 1243 1190 1439 1285 1305 1397 1397 1695 900 600 855 300 600 0 1774 1695 1669 1516 1558 1535 2117 2315 1582 1510 1389 1135 1349 1498 1235 1172 1399 1407 1794 1444 1443 1618 1571 1484 1289 2233 2448 1554 1901 2048 1975 1368 1653 1701 1678 2018 1748 1414 1703 1735 1817 1783 2157 1726 2100 2151 1753 1776 1928 1462 1462 1819 1782 1853 2248 1758 1916 1662 1882 1685 1587 1971 2182 1595 2267 2284 1891 1998 2015 1857 1812 1998 
1225 575 1358 1095 450 747 1372 1530 923 1160 1004 300 600 795 1390 1578 831 938 1397 1404 1052 259 150 588 571 807 1152 1366 1489 1626 1233 875 879 899 409 1117 1537 1262 1442 1452 1774 0 409 721 655 738 1265 851 1136 813 1923 1470 1436 1106 1531 1751 1281 1571 919 927 948 943 1028 1151 1452 899 899 1064 1971 1711 1814 1785 2121 1384 1847 1899 1832 2271 2271 1410 1430 1602 1997 2131 1976 1914 1965 1495 2421 2319 2319 2319 1458 1741 1475 2256 1680 2147 2027 2150 2166 1872 1944 1809 1979 1944 2081 1737 2434 2297 1830 2250 2300 
1145 600 1392 1000 450 1238 1411 1488 1261 1065 1280 300 600 1213 1544 1535 1009 1255 1647 1334 1170 150 450 750 571 1119 1232 1221 1525 1583 1617 1057 1073 1450 300 1235 1382 1380 1695 1526 1695 409 0 543 824 900 1304 1269 1262 975 1148 1303 1268 1682 1567 1860 1665 1607 1105 886 1097 1498 1498 1348 1532 1317 1265 1327 1196 1520 1810 1594 1299 1244 1875 1634 1642 1371 1371 1292 1292 1651 2025 1538 1577 1690 1648 1861 1432 1419 1419 1419 1329 1340 1338 1608 1716 2175 1331 2175 1436 1625 1736 1738 1752 1696 1696 1769 2393 2325 1866 1379 2325 
906 541 1136 918 450 1080 1277 1267 1116 1178 1010 421 300 1179 1341 1314 1060 960 1621 1218 1142 571 571 450 150 1233 1172 1637 1538 1288 1432 1176 985 1007 721 1207 1265 1373 1604 1281 1669 721 543 0 524 600 1322 1332 1200 675 1809 1712 1713 1291 1654 1366 1480 1656 1258 1032 1226 1248 1055 1501 1472 1379 1414 1247 1857 1492 2122 1462 1678 1863 1946 1502 1510 1828 1772 1945 1953 2064 2096 1576 1533 1626 1647 1814 2255 1873 1820 1820 1990 2001 2027 1646 2081 2246 2212 2265 1658 1581 1842 2557 1819 1729 1695 1761 2671 2396 2231 2415 2415 
1066 600 1009 1078 374 984 1140 1202 1022 1298 984 524 224 999 1177 1248 1070 1120 1468 1284 1032 674 505 150 374 1016 1141 1407 1787 1295 1366 1116 1066 1271 824 1097 1225 1263 1516 1268 1516 655 824 524 0 300 1288 1061 1082 375 1203 1506 1523 1394 1487 1203 1412 1647 1332 1181 1288 1387 1370 1170 1441 1108 1081 1195 1251 1390 1915 1394 1219 1299 2216 1434 1441 2716 1376 1347 1347 2064 2366 1508 1467 1557 1567 1945 2866 2866 1424 1424 1384 1395 1394 1563 2062 2516 1745 2023 1445 1753 1677 1629 1735 1649 1695 1732 2383 2666 2212 2566 2105 
1216 600 1029 1228 450 1000 1171 1143 1038 1398 959 600 300 1048 1209 1189 1138 1136 1510 1435 1007 750 588 150 450 1065 1245 1407 1285 1236 1307 1184 1134 1338 694 1000 1065 1168 1558 1420 1558 738 900 600 300 0 1393 1113 1127 75 1168 1506 1523 1335 1313 1162 1354 1443 1399 1249 1345 1454 1437 1458 2972 1160 1161 1227 1216 1639 1628 1679 1299 1264 1719 1719 1726 1571 1307 1312 1312 1856 1784 1678 1767 1778 1774 1297 1653 1636 1355 1355 1349 1360 1359 1718 1870 1866 1798 1832 1507 1822 1815 1956 1826 1824 1822 1541 1767 1931 1933 1897 2195 
1369 933 1336 1502 1171 450 1256 1384 575 1603 1584 1216 1236 300 1504 1432 725 725 1453 1538 1666 1205 1306 1277 1300 450 150 1229 1358 1706 1452 860 875 875 1215 1560 1625 1731 1298 1463 1535 1265 1304 1322 1288 1393 0 410 300 1417 1501 1277 1277 1754 2267 1427 1500 1484 856 1025 989 897 875 150 150 560 560 450 1583 1884 1483 1773 1497 1560 1608 1695 1854 1686 1545 1625 1543 1724 1741 1754 1787 1765 1883 1642 1645 1737 1593 1593 1690 1642 1687 1845 1771 1857 1891 1891 1833 1716 1821 1807 1813 1798 2026 1815 1945 2077 1904 1630 2024 
1450 1119 1973 1514 957 391 1229 2021 516 1615 1595 1049 1003 300 1139 2069 594 725 1696 1692 1660 1148 860 998 1014 150 260 1133 1208 1487 2117 744 875 875 1228 1692 1499 1765 1778 1774 2117 851 1269 1332 1061 1113 410 0 303 1142 1641 1181 1372 1603 1168 2328 2165 1204 779 1025 940 1025 869 541 560 150 150 453 1689 1474 1596 1514 1570 1737 1730 1571 1595 1901 1612 1785 1785 1778 1812 1640 1619 1694 1643 2748 1966 2132 1660 1660 1833 1833 1657 1906 1894 1675 1809 1860 1597 1684 1782 1742 1776 1708 1691 1942 1721 1819 1976 1836 1925 
1377 836 1973 1339 972 448 1275 2021 573 1440 1387 1027 1018 298 1576 2069 663 723 1486 1573 1435 1160 986 1012 1081 448 150 1229 1534 1675 2117 779 771 873 1240 1481 1523 1605 1531 1482 2315 1136 1262 1200 1082 1127 300 303 0 1287 1477 1277 1277 1791 1284 2328 2165 1530 747 736 733 774 873 431 450 453 453 150 1559 1913 1568 1789 1468 1604 1596 1845 1870 1538 1516 1669 1666 1644 1678 1764 1803 1730 1865 2748 1586 1594 1564 1564 1734 1765 1566 1804 1690 1590 1959 1726 1823 1732 1730 1772 1778 1832 2008 1738 1655 1919 1772 2015 1621 
1239 675 1053 1251 525 981 1195 1167 1101 1486 912 675 375 1029 1233 1213 1182 1199 1534 1534 960 825 663 225 525 1442 1226 1431 1309 1260 1331 1298 1264 1400 747 953 1089 1138 1582 1582 1582 813 975 675 375 75 1417 1142 1287 0 1192 1530 1547 1359 1337 1186 1378 1467 1380 1329 1336 1482 1465 1482 2841 1190 1186 1208 1240 1714 1864 1754 1323 1288 2039 1794 1801 1571 1331 1336 1336 2121 2104 1753 1842 1853 1849 1374 1653 1636 1379 1379 1373 1384 1383 1793 1652 2186 1873 2152 1582 1897 1890 2031 1901 1899 1897 1734 2251 2251 1717 2217 2270 
1129 940 1563 1271 1197 1234 1610 1609 1359 1465 1242 1053 1245 1443 2093 1656 1407 1393 1458 1264 1341 1100 1824 1121 1361 1593 1491 1506 2158 1704 1701 1455 1455 1441 1148 1406 1208 1457 1503 1500 1510 1923 1148 1809 1203 1168 1501 1641 1477 1192 0 1605 1479 2182 2240 1746 1749 2223 1503 1596 1464 1489 1702 1746 1512 1791 1643 1465 150 1166 1608 1248 300 300 1744 1288 1296 450 450 450 450 2025 1512 2167 1336 1360 1344 600 600 600 600 600 772 600 600 2632 2049 2124 2032 1546 2266 1369 1384 1408 1408 1861 1595 2013 2172 1996 1498 2131 1572 
877 1030 600 1344 1049 1133 450 556 1173 1459 1340 1068 1097 1181 300 706 1221 2055 1273 1051 1420 1204 1113 1458 1179 1527 1229 150 450 649 856 1269 1307 2188 1269 1485 1116 1070 1138 1079 1389 1470 1303 1712 1506 1506 1277 1181 1277 1530 1605 0 300 799 600 1314 985 600 1317 1872 1355 2221 2304 1325 1325 1229 2034 1266 1485 1948 1308 1988 1671 1160 1395 2028 2036 1719 1581 1208 1253 1477 1494 1740 2558 1664 2084 1301 2215 1835 1909 1238 1256 1301 1256 1780 1529 1576 2127 1825 1782 2727 2691 1855 1711 1730 2078 2315 1555 2197 1527 2194 1941 
952 1430 600 1049 1057 1133 450 556 1173 1045 1041 1033 1105 1181 300 563 1221 1564 1089 1286 1121 1169 1101 1475 1178 1335 1229 150 450 506 713 1269 1290 1450 1234 1186 1351 1059 1104 1350 1135 1436 1268 1713 1523 1523 1277 1372 1277 1547 1479 300 0 656 600 1171 829 600 1317 1855 1338 1457 1275 1325 1325 1417 1431 1266 1572 1931 1293 1971 1738 1235 1518 2011 2019 1786 1668 1283 1297 1600 1617 1723 2575 1806 2067 1345 2302 1834 1892 1277 1331 1345 1331 1763 1652 1699 2262 1948 1765 2710 2708 2122 1854 1716 2078 2315 1643 1980 1650 2130 2064 
